POSITIONS
74 100000 200000 300000 400000 500000 600000 700000 800000 900000 
AddFitConst_2Ns: 0
EpistasisTable_2Ns
-1 -1 -1 -1 -1 -1 1 1 1 
-1 1 1 -1 1 1 1 -1 
-1 -1 -1 -1 1 1 1 
-1 1 -1 1 -1 -1 
-1 -1 -1 1 -1 
-1 1 -1 -1 
-1 -1 1 
1 -1 
-1 

Dprime_BY_DIST_gen0
-0.00087103550750615205047 -0.49729797662435587524 -0.13709416459928808196 -0.99999999999985855759 0.99999999999991484589 0.99999999999991484589 1.0000000000000861533 0.70376221980843289838 0.83528249052874103953 
-0.064248504726991950697 0.38000083783670546289 1.0000000000000486278 1 -1.0000000000287538882 -1 -1.000000000000009992 1.0000000000000019984 
0.21259842519685046014 1.0000000000000655032 -1 -0.99999999999985855759 1.0000000000000861533 -1 -1.0000000000031332714 
0.99999999999998290257 0.99999999999999988898 1.0000000000000486278 0.85580389329488104622 -1.000000000000009992 0.99999999999999844569 
0.99999999999999977796 1.0000000000000655032 0.168001972143473427 0.073069138482297346648 -1.0000000000031332714 
-1.0000000000000419664 -0.9195235795911796961 0.22897016114523618957 -0.57850368809272811887 
0.63702359346642511984 0.047569868782668035812 -0.0091875337776968924591 
0.3649856014177066954 1.000000000000000222 
0.67497291440952900121 

ThetaPi_gen0	2.1696196196196217976
Wmean_gen0	1.0014110000000080447
Wvar_gen0	1.0075078999999910589e-05
Wskew_gen0	0.2108142782742047916

ThetaPi_gen100	2.1022102102102122601
Wmean_gen100	1.0023020000000046892
Wmax_gen100	1.0104999999999999538
Wvar_gen100	9.2427959999999217971e-06
Wskew_gen100	0.3323135404519992897

Dprime_BY_DIST_gen100
-0.071844270519767230998 0.1924334242114919824 0.2750378472888547754 nan nan nan nan nan nan 
-0.16789623580276560877 0.085505258344764495382 nan nan nan nan nan nan 
-0.18942511535104120113 nan nan nan nan nan nan 
nan nan nan nan nan nan 
nan nan nan -0.038266409027943280863 nan 
nan nan 0.11018009584101880194 nan 
nan 0.060371153394409154958 nan 
-0.05133626063858615779 nan 
nan 

PairwiseAFS_BY_DIST_gen100
604,198 198,193 193,514 514,1000 1000,0 0,1000 1000,0 0,441 441,1000 
604,193 198,514 193,1000 514,0 1000,1000 0,0 1000,441 0,1000 
604,514 198,1000 193,0 514,1000 1000,0 0,441 1000,1000 
604,1000 198,0 193,1000 514,0 1000,441 0,1000 
604,0 198,1000 193,0 514,441 1000,1000 
604,1000 198,0 193,441 514,1000 
604,0 198,441 193,1000 
604,441 198,1000 
604,1000 

ThetaPi_gen200	1.9566866866866887698
Wmean_gen200	1.001825000000002186
Wmax_gen200	1.0095000000000000639
Wvar_gen200	6.9993749999999798898e-06
Wskew_gen200	0.20381932856901288642

Dprime_BY_DIST_gen200
-0.18510126607437443758 0.082154254568047674345 0.34748782813833256622 nan nan nan nan nan nan 
-0.0014235026664116603307 -0.06757132087449918556 nan nan nan nan nan nan 
-0.11522105203071050794 nan nan nan nan nan nan 
nan nan nan nan nan nan 
nan nan nan -0.047240968638348548869 nan 
nan nan -0.08956412882667565134 nan 
nan 0.011621592266753574124 nan 
-0.11093505864747710277 nan 
nan 

PairwiseAFS_BY_DIST_gen200
541,186 186,87 87,542 542,1000 1000,0 0,1000 1000,0 0,505 505,1000 
541,87 186,542 87,1000 542,0 1000,1000 0,0 1000,505 0,1000 
541,542 186,1000 87,0 542,1000 1000,0 0,505 1000,1000 
541,1000 186,0 87,1000 542,0 1000,505 0,1000 
541,0 186,1000 87,0 542,505 1000,1000 
541,1000 186,0 87,505 542,1000 
541,0 186,505 87,1000 
541,505 186,1000 
541,1000 

ThetaPi_gen300	1.826838838838840795
Wmean_gen300	1.0020770000000038813
Wmax_gen300	1.0104999999999999538
Wvar_gen300	5.812070999999914084e-06
Wskew_gen300	-0.12231014703618882378

Dprime_BY_DIST_gen300
0.026789296168075803911 0.026328088487303301368 0.70665884423584635066 nan nan nan nan nan nan 
-0.092359315693932547697 0.20359246963096588878 nan nan nan nan nan nan 
-0.091018951992139704443 nan nan nan nan nan nan 
nan nan nan nan nan nan 
nan nan nan 0.22729747291150770305 nan 
nan nan 0.034749034749034422853 nan 
nan -0.020973980731806902977 nan 
-0.14779644509374234573 nan 
nan 

PairwiseAFS_BY_DIST_gen300
371,214 214,98 98,513 513,1000 1000,0 0,1000 1000,0 0,778 778,1000 
371,98 214,513 98,1000 513,0 1000,1000 0,0 1000,778 0,1000 
371,513 214,1000 98,0 513,1000 1000,0 0,778 1000,1000 
371,1000 214,0 98,1000 513,0 1000,778 0,1000 
371,0 214,1000 98,0 513,778 1000,1000 
371,1000 214,0 98,778 513,1000 
371,0 214,778 98,1000 
371,778 214,1000 
371,1000 

ThetaPi_gen400	1.9397737737737761332
Wmean_gen400	1.003655000000005959
Wmax_gen400	1.0104999999999999538
Wvar_gen400	6.7529749999998995447e-06
Wskew_gen400	-0.054070223836254843741

Dprime_BY_DIST_gen400
0.17983251316584661361 0.22792474298021053736 0.43519511676952338242 nan nan nan nan nan nan 
-0.0021717438516170189423 0.019463646614698314197 nan nan nan nan nan nan 
-0.28539699094192405582 nan nan nan nan nan nan 
nan nan nan nan nan nan 
nan nan nan 0.11082194751680769784 nan 
nan nan 0.093542659564526856042 nan 
nan -0.0068616829180209171213 nan 
0.0140775984696131784 nan 
nan 

PairwiseAFS_BY_DIST_gen400
703,78 78,369 369,477 477,1000 1000,0 0,1000 1000,0 0,710 710,1000 
703,369 78,477 369,1000 477,0 1000,1000 0,0 1000,710 0,1000 
703,477 78,1000 369,0 477,1000 1000,0 0,710 1000,1000 
703,1000 78,0 369,1000 477,0 1000,710 0,1000 
703,0 78,1000 369,0 477,710 1000,1000 
703,1000 78,0 369,710 477,1000 
703,0 78,710 369,1000 
703,710 78,1000 
703,1000 

ThetaPi_gen500	1.8496536536536556383
Wmean_gen500	1.0052640000000085951
Wmax_gen500	1.0104999999999999538
Wvar_gen500	1.0586304000000016813e-05
Wskew_gen500	-0.29142039456726243074

Dprime_BY_DIST_gen500
0.76730657358929632572 -0.81006647673314335911 -0.39668174962292623853 nan nan nan nan nan nan 
-0.094595126559855219339 0.28411633109619693904 nan nan nan nan nan nan 
-0.035471793895551821663 nan nan nan nan nan nan 
nan nan nan nan nan nan 
nan nan nan -0.00027616680475003863287 nan 
nan nan 0.042145593869731809433 nan 
nan -0.029733959311424085215 nan 
-0.16952518505145297567 nan 
nan 

PairwiseAFS_BY_DIST_gen500
618,45 45,468 468,255 255,1000 1000,0 0,1000 1000,0 0,710 710,1000 
618,468 45,255 468,1000 255,0 1000,1000 0,0 1000,710 0,1000 
618,255 45,1000 468,0 255,1000 1000,0 0,710 1000,1000 
618,1000 45,0 468,1000 255,0 1000,710 0,1000 
618,0 45,1000 468,0 255,710 1000,1000 
618,1000 45,0 468,710 255,1000 
618,0 45,710 468,1000 
618,710 45,1000 
618,1000 

ThetaPi_gen600	1.9591611611611632338
Wmean_gen600	1.0044180000000075825
Wmax_gen600	1.0104999999999999538
Wvar_gen600	1.0541276000000013082e-05
Wskew_gen600	0.075843017055917991143

Dprime_BY_DIST_gen600
-0.23308359388826624392 -0.24219959803630861095 -0.064917233338659785513 nan nan nan nan nan nan 
0.0034944722989338054299 -0.19971189628266183824 nan nan nan nan nan nan 
0.24021230638981461158 nan nan nan nan nan nan 
nan nan nan nan nan nan 
nan nan nan -0.012994483227442609266 nan 
nan nan -0.10840051547936571663 nan 
nan -0.091842375424465036438 nan 
-0.11229840047786547597 nan 
nan 

PairwiseAFS_BY_DIST_gen600
506,67 67,453 453,373 373,1000 1000,0 0,1000 1000,0 0,756 756,1000 
506,453 67,373 453,1000 373,0 1000,1000 0,0 1000,756 0,1000 
506,373 67,1000 453,0 373,1000 1000,0 0,756 1000,1000 
506,1000 67,0 453,1000 373,0 1000,756 0,1000 
506,0 67,1000 453,0 373,756 1000,1000 
506,1000 67,0 453,756 373,1000 
506,0 67,756 453,1000 
506,756 67,1000 
506,1000 

ThetaPi_gen700	1.7044884884884905496
Wmean_gen700	1.0062640000000080409
Wmax_gen700	1.0104999999999999538
Wvar_gen700	8.7123039999999852883e-06
Wskew_gen700	-0.30613683890779508356

Dprime_BY_DIST_gen700
0.57859249894648134838 -0.82557125414268273111 0.17283141367793528054 nan nan nan nan nan nan 
-0.038445867761860520739 -0.5964487489911217688 nan nan nan nan nan nan 
-0.091299305003790118263 nan nan nan nan nan nan 
nan nan nan nan nan nan 
nan nan nan -0.0032770306407226010639 nan 
nan nan 0.02054944323465946257 nan 
nan 0.65905216501875230062 nan 
0.050563822927614646141 nan 
nan 

PairwiseAFS_BY_DIST_gen700
661,7 7,819 819,354 354,1000 1000,0 0,1000 1000,0 0,581 581,1000 
661,819 7,354 819,1000 354,0 1000,1000 0,0 1000,581 0,1000 
661,354 7,1000 819,0 354,1000 1000,0 0,581 1000,1000 
661,1000 7,0 819,1000 354,0 1000,581 0,1000 
661,0 7,1000 819,0 354,581 1000,1000 
661,1000 7,0 819,581 354,1000 
661,0 7,581 819,1000 
661,581 7,1000 
661,1000 

ThetaPi_gen800	1.3925065065065080905
Wmean_gen800	1.0059740000000150228
Wmax_gen800	1.0104999999999999538
Wvar_gen800	6.1633239999999353678e-06
Wskew_gen800	-0.32917535037552414501

Dprime_BY_DIST_gen800
nan nan -0.17973716435137704339 nan nan nan nan nan nan 
-0.12265470065161182545 nan nan nan nan nan nan nan 
0.16719630059830367652 nan nan nan nan nan nan 
nan nan nan nan nan nan 
nan nan nan -0.2207503061338079442 nan 
nan nan 0.15721728470732568295 nan 
nan nan nan 
0.033282695760252861694 nan 
nan 

PairwiseAFS_BY_DIST_gen800
557,0 0,753 753,309 309,1000 1000,0 0,1000 1000,0 0,948 948,1000 
557,753 0,309 753,1000 309,0 1000,1000 0,0 1000,948 0,1000 
557,309 0,1000 753,0 309,1000 1000,0 0,948 1000,1000 
557,1000 0,0 753,1000 309,0 1000,948 0,1000 
557,0 0,1000 753,0 309,948 1000,1000 
557,1000 0,0 753,948 309,1000 
557,0 0,948 753,1000 
557,948 0,1000 
557,1000 

ThetaPi_gen900	1.3266346346346360452
Wmean_gen900	1.004095000000006177
Wmax_gen900	1.0095000000000000639
Wvar_gen900	4.4349749999999972934e-06
Wskew_gen900	0.54839871634520476196

Dprime_BY_DIST_gen900
nan nan -0.31822246065808296178 nan nan nan nan nan nan 
-0.10737410737410731099 nan nan nan nan nan nan nan 
0.10739395717936540964 nan nan nan nan nan nan 
nan nan nan nan nan nan 
nan nan nan -0.14163090128755223551 nan 
nan nan -0.47916666666666840602 nan 
nan nan nan 
-0.15254237288135011341 nan 
nan 

PairwiseAFS_BY_DIST_gen900
351,0 0,616 616,767 767,1000 1000,0 0,1000 1000,0 0,980 980,1000 
351,616 0,767 616,1000 767,0 1000,1000 0,0 1000,980 0,1000 
351,767 0,1000 616,0 767,1000 1000,0 0,980 1000,1000 
351,1000 0,0 616,1000 767,0 1000,980 0,1000 
351,0 0,1000 616,0 767,980 1000,1000 
351,1000 0,0 616,980 767,1000 
351,0 0,980 616,1000 
351,980 0,1000 
351,1000 

ThetaPi_gen1000	1.0960000000000011955
Wmean_gen1000	1.0044440000000096624
Wmax_gen1000	1.008499999999999952
Wvar_gen1000	3.0968639999999591402e-06
Wskew_gen1000	0.85919122716381723937

Dprime_BY_DIST_gen1000
nan nan 0.032470296838113386906 nan nan nan nan nan nan 
-0.17220990391722112989 nan nan nan nan nan nan nan 
0.0065234304865636749682 nan nan nan nan nan nan 
nan nan nan nan nan nan 
nan nan nan -0.99999999999993338662 nan 
nan nan -1.0000000000000457412 nan 
nan nan nan 
1.0000000000000139888 nan 
nan 

PairwiseAFS_BY_DIST_gen1000
385,0 0,835 835,783 783,1000 1000,0 0,1000 1000,0 0,997 997,1000 
385,835 0,783 835,1000 783,0 1000,1000 0,0 1000,997 0,1000 
385,783 0,1000 835,0 783,1000 1000,0 0,997 1000,1000 
385,1000 0,0 835,1000 783,0 1000,997 0,1000 
385,0 0,1000 835,0 783,997 1000,1000 
385,1000 0,0 835,997 783,1000 
385,0 0,997 835,1000 
385,997 0,1000 
385,1000 

hours:min:sec 0:0:0
